1678198490120 0.6271946374319586 0
1678198490224 0.6125287339702588 0
1678198490334 0.5857669727382302 0
1678198490414 0.6657081587004348 0
1678198490491 0.5893143148791096 0
1678198490576 0.5818749078280213 0
1678198490657 0.5704931175017443 0
1678198490737 0.6176788505535867 0
1678198490819 0.573067857646195 0
1678198490898 0.5696920200435643 0
1678198490981 0.5643841279275428 0
1678198491071 0.5873472009739388 0
1678198491159 0.6657357030427604 0
1678198491251 0.6539313398770489 0
1678198491344 0.6105907461474273 0
1678198491434 0.669813814205792 0
