1678198490119 0.10862644997792614 0
1678198490221 0.1392625955410326 0
1678198490333 0.19364204365178095 0
1678198490412 0.019165855890777572 0
1678198490490 0.18724431943947983 0
1678198490574 0.2026629101382652 0
1678198490656 0.22464242411894242 0
1678198490736 0.12978065429593022 0
1678198490818 0.22082961765864062 0
1678198490897 0.22759672468382497 0
1678198490980 0.23739466063584158 0
1678198491070 0.19177543499093674 0
1678198491158 0.019153337439844154 0
1678198491249 0.04722706260889009 0
1678198491342 0.14263059582492588 0
1678198491433 0.016611535037920344 0
