1678198490118 0.7931640229276851 0
1678198490218 0.7794144864140182 0
1678198490331 0.7543919979968401 0
1678198490411 0.8320145539945119 0
1678198490489 0.7573787958793151 0
1678198490572 0.7501603725852 0
1678198490654 0.7397486012946922 0
1678198490735 0.7836957692333741 0
1678198490816 0.7415652207304311 0
1678198490896 0.7383379454127179 0
1678198490978 0.7336400911821402 0
1678198491068 0.7552646505492441 0
1678198491156 0.8320198635059106 0
1678198491247 0.8200264141399415 0
1678198491340 0.7778880968569085 0
1678198491431 0.8330972295348316 0
