1678198736777 0.6271946374319586 0
1678198736830 0.6125287339702588 0
1678198736886 0.5857669727382302 0
1678198736931 0.6657081587004348 0
1678198736982 0.5893143148791096 0
1678198737035 0.5818749078280213 0
1678198737087 0.5704931175017443 0
1678198737138 0.6176788505535867 0
1678198737213 0.573067857646195 0
1678198737268 0.5696920200435643 0
1678198737316 0.5643841279275428 0
1678198737368 0.5873472009739388 0
1678198737420 0.6657357030427604 0
1678198737480 0.6539313398770489 0
1678198737526 0.6105907461474273 0
1678198737573 0.669813814205792 0
