1678198736775 0.10862644997792614 0
1678198736829 0.1392625955410326 0
1678198736885 0.19364204365178095 0
1678198736931 0.019165855890777572 0
1678198736980 0.18724431943947983 0
1678198737033 0.2026629101382652 0
1678198737085 0.22464242411894242 0
1678198737137 0.12978065429593022 0
1678198737213 0.22082961765864062 0
1678198737266 0.22759672468382497 0
1678198737314 0.23739466063584158 0
1678198737366 0.19177543499093674 0
1678198737419 0.019153337439844154 0
1678198737478 0.04722706260889009 0
1678198737524 0.14263059582492588 0
1678198737572 0.016611535037920344 0
