1678198736774 0.7931640229276851 0
1678198736827 0.7794144864140182 0
1678198736883 0.7543919979968401 0
1678198736929 0.8320145539945119 0
1678198736980 0.7573787958793151 0
1678198737033 0.7501603725852 0
1678198737084 0.7397486012946922 0
1678198737135 0.7836957692333741 0
1678198737211 0.7415652207304311 0
1678198737265 0.7383379454127179 0
1678198737313 0.7336400911821402 0
1678198737363 0.7552646505492441 0
1678198737418 0.8320198635059106 0
1678198737477 0.8200264141399415 0
1678198737523 0.7778880968569085 0
1678198737570 0.8330972295348316 0
